There are 180,350 different words in the collocation database for this query (Query "{stellen/V}" returned 249,044 matches in 197,633 different texts)  
__________________

No.	Word	Total no. in whole corpus	Expected collocate frequency	Observed collocate frequency	In no. of texts

1	“	5467535	2992.259	1097	1095
2	„	5451091	2983.26	920	917
3	Frage	153161	83.822	461	461
4	Antrag	32193	17.619	437	432
5	Fragen	68475	37.475	348	348
6	Weichen	2831	1.549	247	243
7	Millionen	248728	136.123	218	217
8	Prozent	366311	200.474	217	217
9	–	1485461	812.959	209	209
10	Mark	233141	127.593	179	178
11	Jahren	409708	224.224	173	173
12	Jahr	330413	180.828	168	168
13	Frauen	206338	112.924	156	155
14	Menschen	305589	167.242	156	155
15	Regierung	189284	103.591	147	145
16	Zeit	256230	140.229	141	141
17	Ende	237735	130.107	135	135
18	Polizei	159702	87.401	130	130
19	Partei	137304	75.143	128	128
20	Stadt	195110	106.779	125	123
21	Land	165311	90.471	122	122
22	Jahre	293793	160.786	119	119
23	Euro	193247	105.76	116	116
24	Geld	150888	82.578	113	113
25	Anträge	9439	5.166	107	106
26	Politik	115696	63.318	103	103
27	Strafanzeige	4311	2.359	102	102
28	Welt	189312	103.606	100	100
29	Seite	100657	55.087	99	99
30	Frau	175736	96.176	94	94
31	Leben	167498	91.668	94	94
32	Kinder	160666	87.929	87	87
33	Uhr	263443	144.176	87	87
34	Arbeit	137030	74.993	84	84
35	Woche	128354	70.245	83	82
36	Forderungen	26456	14.479	81	81
37	Dienst	26114	14.292	79	79
38	Milliarden	99763	54.598	78	77
39	Mann	163838	89.665	77	76
40	Grünen	127389	69.717	75	74
41	Unternehmen	86036	47.086	74	74
42	Kopf	56537	30.941	73	73
43	Bremer	125828	68.863	72	72
44	Zukunft	89580	49.025	67	66
45	Thema	100632	55.074	66	66
46	Senat	81701	44.713	65	65
47	Haus	90286	49.412	63	63
48	Teil	116567	63.795	63	63
49	Fall	119579	65.443	60	60
50	Film	125608	68.742	60	60
51	Leute	115836	63.394	60	60
52	Recht	67554	36.971	60	60
53	Art	90771	49.677	59	59
54	Wochen	101567	55.585	58	58
55	Projekt	55264	30.245	57	57
56	Staat	62340	34.117	56	56
57	Kunst	66288	36.278	55	55
58	Amt	46575	25.49	54	54
59	Wahl	60754	33.249	54	54
60	Koalition	58407	31.965	53	52
61	Reihe	38257	20.937	53	53
62	Gesellschaft	87536	47.907	52	52
63	Krieg	81425	44.562	52	52
64	Anforderungen	6003	3.285	51	51
65	Länder	62599	34.259	50	50
66	Mehrheit	56931	31.157	50	49
67	Geschichte	125854	68.877	49	49
68	Präsident	85217	46.637	49	48
69	Opfer	67146	36.748	48	48
70	Strafantrag	1047	0.573	48	48
71	Platz	90806	49.696	47	47
72	Programm	52920	28.962	47	47
73	Staatsanwaltschaft	42004	22.988	47	47
74	Tag	123905	67.81	47	47
75	Eltern	73372	40.155	46	46
76	Familie	71826	39.309	46	46
77	Gericht	66600	36.449	46	46
78	Parteien	54945	30.07	46	46
79	September	69728	38.161	46	46
80	Sinn	34237	18.737	46	46
81	Bevölkerung	63113	34.54	45	45
82	Öffentlichkeit	49065	26.852	45	45
83	Aufgabe	31996	17.511	44	44
84	Dienstag	67094	36.719	44	44
85	Landes	57321	31.371	44	44
86	Männer	90753	49.667	44	44
87	Raum	50135	27.438	44	44
88	Verantwortung	33783	18.489	44	44
89	Juni	64076	35.067	43	43
90	Künstler	41398	22.656	43	43
91	Problem	73792	40.385	43	43
92	Schulen	43608	23.866	43	43
93	Soldaten	58182	31.842	43	43
94	Anzeige	10534	5.765	42	41
95	Bundesregierung	60297	32.999	42	42
96	Monaten	64054	35.055	42	42
97	Musik	83772	45.847	42	42
98	Form	49605	27.148	41	41
99	Jahres	75445	41.289	41	41
100	Montag	78562	42.995	41	40
101	Schule	59449	32.535	41	40
102	Ultimatum	3139	1.718	41	41
103	Beispiel	119452	65.373	40	40
104	Entwicklung	57388	31.407	40	40
105	Firma	39779	21.77	40	40
106	Hälfte	43741	23.939	40	39
107	Mal	90448	49.5	40	40
108	Mittwoch	68360	37.412	40	40
109	Samstag	77995	42.685	40	40
110	Spitze	21616	11.83	40	40
111	Bilder	47825	26.174	39	39
112	Namen	76078	41.636	39	39
113	Dollar	57107	31.253	38	37
114	Entscheidung	76083	41.639	38	38
115	Probleme	62577	34.247	38	38
116	Rolle	69938	38.276	38	38
117	Anfang	96677	52.909	37	37
118	Anfrage	12747	6.976	37	37
119	Grund	74544	40.796	37	37
120	Gruppe	65645	35.926	37	37
121	Konzept	39120	21.41	37	37
122	Seiten	61362	33.582	37	37
123	Sonntag	85073	46.559	37	37
124	Staaten	50396	27.581	37	37
125	Täter	29291	16.03	37	37
126	Union	61788	33.815	37	37
127	Wasser	52803	28.898	37	37
128	Weg	103768	56.79	37	37
129	Zusammenarbeit	36471	19.96	37	37
130	Bau	39740	21.749	36	36
131	Behörden	43368	23.734	36	36
132	Januar	65077	35.615	36	36
133	Mitarbeiter	56738	31.051	36	36
134	März	60456	33.086	36	36
135	Räume	14568	7.973	36	36
136	Straße	82842	45.338	36	36
137	Bedingungen	25394	13.898	35	35
138	Erfolg	62277	34.083	35	35
139	Freitag	73538	40.246	35	35
140	Hand	67499	36.941	35	35
141	Hilfe	62211	34.047	35	35
142	Journalisten	40308	22.06	35	35
143	Mittel	39909	21.841	35	35
144	Möglichkeit	39526	21.632	35	35
145	Parlament	46504	25.451	35	35
146	Sache	54011	29.559	35	34
147	Zentrum	30973	16.951	35	35
148	Bundestag	35390	19.368	34	34
149	Fraktion	25780	14.109	34	34
150	Kritik	69760	38.178	34	34
151	Ländern	55662	30.463	34	34
152	Mitte	74895	40.988	34	34
153	Personen	42670	23.352	34	34
154	Richtung	41119	22.504	34	34
155	Tage	79751	43.646	34	33
156	Unterstützung	48101	26.325	34	34
157	Zusammenhang	33800	18.498	34	34
158	Anspruch	27403	14.997	33	33
159	Bund	40923	22.396	33	33
160	Dezember	51742	28.317	33	33
161	Gewalt	59666	32.654	33	33
162	Landtag	18566	10.161	33	33
163	Museum	29824	16.322	33	33
164	Politiker	55443	30.343	33	33
165	Wohnung	36520	19.987	33	33
166	Angst	63600	34.807	32	32
167	Grenzen	34543	18.905	32	32
168	Kind	49531	27.107	32	32
169	Mai	74941	41.014	32	32
170	Osten	48985	26.808	32	32
171	Situation	56918	31.15	32	32
172	System	30852	16.885	32	32
173	Tod	55508	30.378	32	32
174	Buch	67820	37.116	31	31
175	Bundesrepublik	44512	24.36	31	31
176	Bürgermeister	48412	26.495	31	31
177	Diskussion	47141	25.799	31	31
178	Herr	59520	32.574	31	31
179	Lage	58533	32.034	31	31
180	Macht	57240	31.326	31	31
181	Medien	52978	28.994	31	31
182	Opposition	48569	26.581	31	31
183	Sicherheit	44763	24.498	31	31
184	Stück	54265	29.698	31	31
185	Wirtschaft	51749	28.321	31	31
186	Zeitung	57258	31.336	31	31
187	Bild	67054	36.697	30	30
188	Bildung	29121	15.937	30	30
189	Donnerstag	65670	35.94	30	30
190	Druck	51655	28.27	30	29
191	Fotos	22183	12.14	30	30
192	Gesetz	47382	25.931	30	30
193	Gespräch	44451	24.327	30	30
194	Herausforderung	7796	4.267	30	29
195	Kunden	30203	16.529	30	30
196	Mittelpunkt	13726	7.512	30	30
197	Sommer	46873	25.653	30	30
198	Theater	54946	30.071	30	30
199	Weise	46094	25.226	30	30
200	Ansprüche	7036	3.851	29	29
201	Beginn	47098	25.776	29	29
202	Blick	65530	35.863	29	29
203	Bühne	46044	25.199	29	29
204	Bürger	45948	25.146	29	29
205	Mutter	61614	33.72	29	29
206	Oktober	59069	32.327	29	29
207	Publikum	50919	27.867	29	29
208	Rede	48547	26.569	29	29
209	Stunden	66848	36.584	29	28
210	Tagen	65930	36.082	29	29
211	—	172442	94.374	29	29
212	April	57218	31.314	28	28
213	Armee	45344	24.816	28	28
214	Auto	32878	17.993	28	28
215	Bewegung	37096	20.302	28	28
216	EU	47492	25.991	28	28
217	Finanzierung	17847	9.767	28	28
218	Interessen	26382	14.438	28	28
219	Kosten	51868	28.386	28	28
220	November	56444	30.891	28	28
221	Wochenende	57754	31.608	28	28
222	Bundeswehr	24294	13.296	27	27
223	Existenz	15317	8.383	27	27
224	Familien	30029	16.434	27	27
225	Juli	53692	29.384	27	27
226	Kultur	50864	27.837	27	26
227	Landesregierung	21369	11.695	27	26
228	Licht	30694	16.798	27	27
229	Minister	29327	16.05	27	27
230	Projekte	24363	13.333	27	27
231	Sprecher	74684	40.873	27	27
232	Volk	32722	17.908	27	27
233	Ausstellung	52501	28.733	26	26
234	Bereich	34754	19.02	26	26
235	Herausforderungen	3252	1.78	26	26
236	Internet	32866	17.987	26	26
237	Kontrolle	28414	15.55	26	26
238	Mensch	38702	21.181	26	26
239	Minuten	50370	27.566	26	26
240	Nacht	57269	31.342	26	26
241	Rahmen	41899	22.93	26	26
242	Teile	21505	11.769	26	26
243	Universität	40303	22.057	26	26
244	Wohnungen	27016	14.785	26	26
245	Arzt	17077	9.346	25	25
246	Deutschen	103248	56.505	25	25
247	Februar	48123	26.337	25	25
248	Glaubwürdigkeit	6892	3.772	25	25
249	Gruppen	38892	21.285	25	25
250	Hauptstadt	51450	28.157	25	25
251	Kirche	45334	24.81	25	25
252	Kraft	41662	22.801	25	25
253	Lösung	39600	21.672	25	25
254	Position	26172	14.323	25	25
255	Republik	39589	21.666	25	25
256	Schutz	31916	17.467	25	25
257	Spiel	65350	35.765	25	25
258	Studie	31879	17.447	25	25
259	Stufe	4975	2.723	25	25
260	Tradition	22845	12.503	25	25
261	Umgebung	15090	8.258	25	25
262	Wahlen	39290	21.503	25	25
263	Chef	48934	26.781	24	24
264	Gründen	27019	14.787	24	24
265	Haft	26127	14.299	24	24
266	Kandidaten	21444	11.736	24	23
267	Meter	48194	26.376	24	24
268	Mitglieder	52002	28.46	24	24
269	Ort	64195	35.133	24	24
270	Text	26921	14.733	24	24
271	Titel	47969	26.252	24	24
272	Vater	52083	28.504	24	24
273	Verfügung	40075	21.932	24	24
274	Vergangenheit	40639	22.241	24	24
275	Arbeitsplätze	29004	15.873	23	23
276	Aufgaben	16373	8.961	23	22
277	Ausländer	24783	13.563	23	23
278	Betrieb	23723	12.983	23	23
279	Dinge	34253	18.746	23	22
280	Einsatz	42213	23.102	23	23
281	Flüchtlinge	37789	20.681	23	23
282	Forderung	32589	17.835	23	23
283	Juden	34975	19.141	23	23
284	Jugendlichen	33571	18.373	23	23
285	Liebe	46265	25.32	23	23
286	Maßnahmen	31939	17.48	23	23
287	Polizisten	40496	22.163	23	23
288	Qualität	20856	11.414	23	23
289	Verhandlungen	45627	24.971	23	23
290	AG	32847	17.976	22	22
291	Alternative	22280	12.193	22	22
292	Angaben	84167	46.063	22	22
293	August	51541	28.207	22	22
294	Autor	32009	17.518	22	22
295	Bank	36167	19.793	22	22
296	Boden	38361	20.994	22	22
297	Debatte	40075	21.932	22	22
298	Demokratie	41772	22.861	22	22
299	Flucht	19506	10.675	22	22
300	Freunde	30983	16.956	22	22
301	Gelände	19203	10.509	22	22
302	Grenze	33930	18.569	22	22
303	Grüne	42933	23.496	22	22
304	Initiative	33832	18.516	22	22
305	Krise	34615	18.944	22	22
306	Posten	16545	9.055	22	22
307	Region	41237	22.568	22	22
308	Regisseur	31479	17.228	22	22
309	Sprache	38787	21.227	22	22
310	Stiftung	22910	12.538	22	21
311	Szene	36165	19.792	22	22
312	Verein	35208	19.269	22	22
313	Vertreter	39684	21.718	22	22
314	Verwaltung	18792	10.284	22	22
315	Wort	55777	30.526	22	22
316	Zahl	69053	37.791	22	22
317	Anwalt	20532	11.237	21	21
318	Beziehungen	25137	13.757	21	21
319	Bündnis	31294	17.127	21	21
320	Chance	49631	27.162	21	21
321	Entscheidungen	18798	10.288	21	21
322	Firmen	30442	16.66	21	21
323	Führung	29617	16.209	21	21
324	Hause	50659	27.725	21	21
325	Informationen	41596	22.765	21	21
326	Jahrhunderts	20468	11.202	21	21
327	Kampf	53661	29.368	21	21
328	Lehrer	30193	16.524	21	20
329	Mitglied	31117	17.03	21	21
330	Monate	49149	26.898	21	21
331	Spieler	27091	14.826	21	21
332	Truppen	23623	12.928	21	21
333	Verfahren	42223	23.108	21	21
334	Zuschauer	34211	18.723	21	21
335	Augen	50889	27.85	20	20
336	Ausland	30255	16.558	20	20
337	Bahn	35632	19.501	20	20
338	Ergebnis	52723	28.854	20	20
339	Ergebnisse	22202	12.151	20	20
340	Fuß	16697	9.138	20	20
341	Gebäude	29140	15.948	20	20
342	Herbst	32886	17.998	20	20
343	Körper	27186	14.878	20	20
344	Markt	38696	21.178	20	20
345	Nähe	31449	17.211	20	20
346	Staates	15004	8.211	20	20
347	Stellen	33438	18.3	20	20
348	Stimmen	43292	23.693	20	20
349	Terroristen	11423	6.252	20	20
350	Wahlkampf	25790	14.114	20	20
351	‘	120865	66.147	20	20
352	Amerikaner	18818	10.299	19	19
353	Autorität	5014	2.744	19	19
354	Beamten	24811	13.579	19	19
355	Bericht	42438	23.225	19	19
356	Besitz	10195	5.58	19	19
357	Betroffenen	17023	9.316	19	19
358	Bücher	22256	12.18	19	19
359	Entwurf	21960	12.018	19	19
360	Gewerkschaften	29044	15.895	19	19
361	Idee	50348	27.554	19	19
362	Kindern	42661	23.347	19	19
363	Kollegen	43751	23.944	19	19
364	Kommentar	23715	12.979	19	19
365	Kommission	25631	14.027	19	19
366	Kontext	6061	3.317	19	19
367	Leiter	31928	17.474	19	19
368	Militärs	16448	9.002	19	18
369	Mädchen	45555	24.931	19	19
370	Natur	27484	15.041	19	19
371	Person	23200	12.697	19	19
372	Realität	21476	11.753	19	19
373	Sohn	35367	19.356	19	19
374	Sozialdemokraten	21960	12.018	19	19
375	Studenten	32752	17.924	19	19
376	Tiere	22499	12.313	19	19
377	Treffen	29585	16.191	19	19
378	Veranstaltung	24930	13.644	19	19
379	Verantwortlichen	10228	5.598	19	19
380	Verbrechen	19872	10.876	19	19
381	Verhältnisse	14350	7.853	19	19
382	Vermieter	6556	3.588	19	19
383	Ziel	67088	36.716	19	19
384	s	53420	29.236	19	19
385	Akten	12845	7.03	18	18
386	Anerkennung	15566	8.519	18	18
387	Angeklagten	17992	9.847	18	18
388	Ausbau	16319	8.931	18	18
389	Behörde	26827	14.682	18	18
390	DM	31104	17.023	18	18
391	Daten	21343	11.681	18	18
392	Drittel	29647	16.225	18	18
393	Foto	32786	17.943	18	18
394	Förderung	21214	11.61	18	18
395	Luft	37719	20.643	18	18
396	Motto	26760	14.645	18	18
397	Ordnung	22847	12.504	18	18
398	Ordnungsprinzipien	69	0.038	18	18
399	Plan	23765	13.006	18	18
400	Preis	39969	21.874	18	18
401	Prinzip	20237	11.075	18	18
402	Tat	31819	17.414	18	18
403	Viertel	23943	13.104	18	18
404	Westen	47418	25.951	18	18
405	Abgeordnete	20462	11.198	17	17
406	Antwort	35273	19.304	17	17
407	Arbeitslosigkeit	19982	10.936	17	17
408	Asylantrag	2081	1.139	17	16
409	Auseinandersetzung	21786	11.923	17	17
410	Band	38934	21.308	17	17
411	Banken	24334	13.318	17	17
412	Befangenheitsantrag	497	0.272	17	17
413	Beteiligung	21275	11.643	17	17
414	Beziehung	12989	7.109	17	17
415	Ecke	16873	9.234	17	16
416	Experten	27077	14.819	17	17
417	Folgen	36011	19.708	17	17
418	Gemeinde	23084	12.633	17	17
419	Generation	23446	12.832	17	17
420	Integrität	2246	1.229	17	17
421	Job	26590	14.552	17	17
422	Jugendliche	32866	17.987	17	17
423	Konkurrenz	23863	13.06	17	17
424	Konzern	16571	9.069	17	17
425	Mitteln	17314	9.476	17	17
426	Partner	19886	10.883	17	17
427	Präsidenten	40560	22.198	17	17
428	Quadratmeter	14433	7.899	17	17
429	Ruhe	23501	12.862	17	16
430	Sachen	28806	15.765	17	17
431	Sanierung	12751	6.978	17	17
432	Senats	16449	9.002	17	17
433	Sicht	31801	17.404	17	17
434	Straßen	32470	17.77	17	17
435	Stunde	36780	20.129	17	17
436	Umgang	23655	12.946	17	17
437	Verhältnis	25979	14.218	17	17
438	Werk	31474	17.225	17	17
439	Wettbewerb	18851	10.317	17	17
440	Widerstand	33067	18.097	17	17
441	Willen	21075	11.534	17	17
442	Zustimmung	21894	11.982	17	17
443	Abgeordneten	24801	13.573	16	16
444	Aktion	35483	19.419	16	16
445	Asylbewerber	9927	5.433	16	16
446	Ebene	16720	9.151	16	16
447	Einheit	21557	11.798	16	16
448	Einrichtung	16641	9.107	16	16
449	Erwartungen	10854	5.94	16	16
450	Filme	32299	17.677	16	16
451	Freiheit	35046	19.18	16	16
452	Gelder	12136	6.642	16	16
453	GmbH	22212	12.156	16	16
454	Industrie	27156	14.862	16	16
455	Institutionen	15024	8.222	16	16
456	Kommunen	14673	8.03	16	16
457	Linke	23717	12.98	16	16
458	Minderheit	12556	6.872	16	16
459	Möglichkeiten	27369	14.978	16	16
460	Neonazis	11890	6.507	16	16
461	Praxis	21094	11.544	16	16
462	Rückkehr	20479	11.208	16	16
463	Schüler	37812	20.694	16	16
464	Souveränität	5774	3.16	16	16
465	Stimme	37113	20.311	16	16
466	Städten	20381	11.154	16	16
467	Themen	29829	16.325	16	16
468	Tisch	34782	19.035	16	16
469	Waffen	28505	15.6	16	16
470	Werbung	16534	9.049	16	16
471	Wert	26260	14.372	16	16
472	Wirklichkeit	24138	13.21	16	16
473	Wissenschaft	18140	9.928	16	16
474	Abend	50741	27.769	15	15
475	Aufbau	13933	7.625	15	15
476	Aufnahme	11552	6.322	15	15
477	Bedeutung	31302	17.131	15	15
478	Beschäftigten	23642	12.939	15	15
479	Botschaft	26692	14.608	15	15
480	Erde	21779	11.919	15	15
481	Erfahrungen	25573	13.996	15	15
482	Erklärung	31814	17.411	15	15
483	Fernsehen	35803	19.594	15	15
484	Frieden	27086	14.824	15	15
485	Gedanken	22612	12.375	15	15
486	Häuser	25305	13.849	15	15
487	Justiz	18200	9.961	15	15
488	Kanzler	21582	11.811	15	15
489	Kauf	14472	7.92	15	15
490	Kilometer	38906	21.292	15	15
491	Klasse	22125	12.109	15	15
492	Korruption	11455	6.269	15	15
493	Kurden	14096	7.714	15	15
494	Körperverletzung	7875	4.31	15	15
495	Lebens	25261	13.825	15	15
496	Leistungen	14797	8.098	15	15
497	Meinung	42921	23.49	15	15
498	Ministerpräsident	36921	20.206	15	15
499	Modell	22555	12.344	15	15
500	Monat	32635	17.86	15	15
501	Mut	14317	7.835	15	15
502	Nachbarn	19421	10.629	15	15
503	Nationen	15723	8.605	15	15
504	Nazis	18882	10.334	15	15
505	Netz	21665	11.857	15	15
506	Organisation	33326	18.239	15	15
507	Plätze	13859	7.585	15	15
508	Schritt	36842	20.163	15	15
509	Status	11921	6.524	15	15
510	Texte	17991	9.846	15	15
511	Tochter	31470	17.223	15	15
512	Urteil	40541	22.187	15	15
513	Verkauf	22593	12.365	15	15
514	West	19867	10.873	15	15
515	Angebot	34087	18.655	14	13
516	Aufhebung	7872	4.308	14	14
517	Basis	23397	12.805	14	14
518	Besucher	26238	14.36	14	14
519	Betriebe	15845	8.672	14	14
520	Brief	28392	15.538	14	14
521	Einrichtungen	16576	9.072	14	14
522	Festival	13706	7.501	14	14
523	Figuren	19435	10.636	14	14
524	Flughafen	20624	11.287	14	14
525	Folge	34134	18.681	14	14
526	Fortsetzung	14459	7.913	14	14
527	Fraktionen	9268	5.072	14	14
528	GAL	16159	8.844	14	14
529	Gefängnis	23464	12.841	14	14
530	Gesetze	14465	7.916	14	14
531	Halle	17709	9.692	14	14
532	Handel	17171	9.397	14	14
533	Heimat	28010	15.329	14	14
534	Höhe	40488	22.158	14	14
535	Investitionen	16257	8.897	14	14
536	Linkspartei	14455	7.911	14	13
537	Liste	27031	14.794	14	14
538	Material	17391	9.518	14	14
539	Medikamente	7246	3.966	14	14
540	Moment	33237	18.19	14	14
541	Nutzung	13783	7.543	14	14
542	Pläne	24157	13.221	14	14
543	Presse	29685	16.246	14	14
544	Produktion	24828	13.588	14	14
545	Radio	27913	15.276	14	14
546	Rechte	26623	14.57	14	14
547	Reform	22178	12.138	14	14
548	Richter	47005	25.725	14	14
549	Roman	28732	15.724	14	14
550	Sieg	31369	17.168	14	13
551	Stelle	40581	22.209	14	14
552	Trainer	31530	17.256	14	14
553	Unabhängigkeit	15430	8.445	14	14
554	Vorschlag	31672	17.333	14	14
555	Vorwürfe	21547	11.792	14	14
556	Wissen	17496	9.575	14	14
557	Zahlen	32465	17.767	14	14
558	Amtszeit	9389	5.138	13	13
559	Arbeiten	24946	13.652	13	13
560	Arbeitgeber	19159	10.485	13	13
561	Auftrag	29521	16.156	13	13
562	Aussagen	17707	9.691	13	13
563	Bezirk	17942	9.819	13	13
564	Bürgerschaft	19571	10.711	13	13
565	Engagement	19162	10.487	13	13
566	Freund	29140	15.948	13	13
567	Fällen	23358	12.783	13	13
568	Führer	15693	8.588	13	13
569	Gefahr	40755	22.304	13	13
570	Gerechtigkeit	13939	7.629	13	13
571	Geschäft	22526	12.328	13	13
572	Gespräche	27321	14.952	13	13
573	Gesundheit	15538	8.504	13	13
574	Grundlagen	4717	2.582	13	13
575	Gäste	20611	11.28	13	13
576	Identität	17937	9.817	13	13
577	Innenminister	23251	12.725	13	13
578	Interesse	44383	24.29	13	13
579	Jahrhundert	22079	12.083	13	13
580	Karriere	20647	11.3	13	13
581	Kontakte	14196	7.769	13	13
582	Kräfte	16180	8.855	13	13
583	Laden	17113	9.366	13	13
584	Leuten	23088	12.636	13	13
585	Mannschaft	26216	14.347	13	13
586	Menge	30090	16.468	13	13
587	Museums	6417	3.512	13	13
588	Musiker	17836	9.761	13	13
589	Norden	27395	14.993	13	13
590	Notwendigkeit	10066	5.509	13	13
591	Papier	24535	13.428	13	13
592	Parteitag	14613	7.997	13	13
593	Patienten	19697	10.78	13	12
594	Provinz	19257	10.539	13	13
595	Prüfung	9161	5.014	13	13
596	Rathaus	18468	10.107	13	13
597	Reaktion	16300	8.921	13	13
598	Rest	25904	14.177	13	13
599	Runde	24761	13.551	13	13
600	Schicksal	19104	10.455	13	13
601	Spaß	23664	12.951	13	13
602	Sprecherin	25411	13.907	13	13
603	Tages	21218	11.612	13	13
604	Team	27234	14.905	13	13
605	Uni	22130	12.111	13	13
606	Untersuchung	18185	9.952	13	13
607	Verdachts	4910	2.687	13	13
608	Verfassung	22659	12.401	13	13
609	Vertrag	26664	14.593	13	13
610	Vorstand	18092	9.901	13	13
611	Werte	14183	7.762	13	13
612	Wissenschaftler	18975	10.385	13	13
613	Zeiten	46640	25.525	13	13
614	’	137580	75.294	13	13
615	Abschiebung	12920	7.071	12	12
616	Alternativen	11445	6.264	12	10
617	Analyse	11031	6.037	12	12
618	Anhänger	16751	9.167	12	12
619	Anlage	12942	7.083	12	12
620	Anlass	13789	7.546	12	12
621	Architekten	10714	5.864	12	12
622	Arsenal	5354	2.93	12	12
623	Ausgabe	14370	7.864	12	12
624	Autoren	19894	10.888	12	12
625	Besuch	28930	15.833	12	11
626	Betreuung	9500	5.199	12	12
627	Bier	17831	9.759	12	12
628	Computer	17552	9.606	12	12
629	Direktor	14928	8.17	12	12
630	Dorf	21483	11.757	12	12
631	Dr.	26490	14.497	12	12
632	Energie	21950	12.013	12	11
633	Energien	9302	5.091	12	12
634	Eröffnung	15679	8.581	12	12
635	Es	528091	289.012	12	12
636	Flüchtlingen	10327	5.652	12	12
637	Forscher	10788	5.904	12	12
638	Forum	14546	7.961	12	12
639	Fälle	20261	11.088	12	11
640	Füße	7304	3.997	12	11
641	Ganze	15006	8.212	12	12
642	Geist	13464	7.369	12	12
643	Gelegenheit	18250	9.988	12	11
644	Gemeinden	14377	7.868	12	12
645	Glauben	12552	6.869	12	12
646	Grundlage	19560	10.705	12	12
647	Handeln	8675	4.748	12	12
648	Hauses	15023	8.222	12	12
649	Hektar	12072	6.607	12	12
650	Interview	36364	19.901	12	12
651	Islam	15148	8.29	12	12
652	Kampagne	17725	9.701	12	12
653	Konkurrenten	8634	4.725	12	12
654	Krankenhaus	19612	10.733	12	12
655	Krieges	16613	9.092	12	12
656	Künstlern	7431	4.067	12	12
657	Lager	20346	11.135	12	12
658	Legitimität	2117	1.159	12	12
659	Loyalität	2346	1.284	12	12
660	Lust	19220	10.519	12	12
661	Menschenrechte	17996	9.849	12	12
662	Militär	15088	8.257	12	12
663	Million	21883	11.976	12	12
664	Museen	8481	4.642	12	12
665	Palästinenser	18004	9.853	12	12
666	Prozess	22944	12.557	12	12
667	Punkt	29518	16.155	12	12
668	Regionen	14302	7.827	12	12
669	Religion	13544	7.412	12	12
670	Senator	17416	9.531	12	12
671	Sinne	26921	14.733	12	12
672	Sitzung	20439	11.186	12	12
673	Solidarität	16207	8.87	12	12
674	Spiegel	29781	16.299	12	12
675	Spur	13874	7.593	12	12
676	Streit	44726	24.478	12	12
677	Stuhl	6263	3.428	12	12
678	Tageszeitung	13506	7.392	12	12
679	Tische	3063	1.676	12	12
680	Tonnen	25961	14.208	12	12
681	Tor	27344	14.965	12	12
682	US-Dollar	8584	4.698	12	12
683	Verhalten	18439	10.091	12	12
684	Wachstum	11019	6.031	12	12
685	Wirkung	19039	10.42	12	12
686	Zeitpunkt	22147	12.121	12	12
687	Ärzte	22174	12.135	12	12
688	Ablauf	6100	3.338	11	11
689	Abtreibung	5463	2.99	11	11
690	Akademie	12908	7.064	11	11
691	Artikel	26029	14.245	11	11
692	Augenblick	10165	5.563	11	11
693	Ausländerbehörde	7452	4.078	11	11
694	Autonomie	6625	3.626	11	11
695	Begriff	21568	11.804	11	11
696	Behandlung	13830	7.569	11	11
697	Beine	11024	6.033	11	11
698	Beteiligten	11285	6.176	11	11
699	Betriebsrat	8597	4.705	11	11
700	Brücke	11238	6.15	11	11
701	Bundesländern	16636	9.105	11	11
702	Delegierten	10467	5.728	11	11
703	Drogen	14532	7.953	11	11
704	Ereignisse	12421	6.798	11	11
705	Erfolge	11853	6.487	11	10
706	Fans	25006	13.685	11	11
707	Feld	14013	7.669	11	11
708	Frühjahr	19466	10.653	11	10
709	Fußball	28286	15.48	11	11
710	Gast	13601	7.444	11	11
711	Gebiet	20962	11.472	11	11
712	Gegenteil	27030	14.793	11	11
713	Gegner	28200	15.433	11	11
714	Gemeinschaft	18475	10.111	11	11
715	General	16318	8.931	11	11
716	Geschäftsführer	27674	15.145	11	11
717	Gott	25632	14.028	11	10
718	Grundrecht	2736	1.497	11	11
719	Hafen	14845	8.124	11	11
720	Hansestadt	10736	5.876	11	11
721	Herrn	19331	10.579	11	10
722	Hochschulen	13354	7.308	11	11
723	Hoffnung	34822	19.057	11	11
724	Hotel	17314	9.476	11	11
725	Hund	12532	6.859	11	11
726	IG	18677	10.222	11	11
727	Innensenator	18725	10.248	11	11
728	Inszenierung	16976	9.291	11	11
729	Integration	16944	9.273	11	11
730	Jahrzehnten	13500	7.388	11	11
731	Jobs	13850	7.58	11	11
732	Jugend	25133	13.755	11	11
733	Kino	34319	18.782	11	11
734	Kooperation	13715	7.506	11	11
735	Kreis	20749	11.356	11	11
736	Kritiker	19308	10.567	11	11
737	Köder	611	0.334	11	11
738	Legitimation	2975	1.628	11	11
739	Liga	16955	9.279	11	11
740	Metall	15767	8.629	11	11
741	Milliarde	8905	4.874	11	11
742	Mitgliedern	12842	7.028	11	11
743	Männern	21977	12.028	11	11
744	Nachfolger	16987	9.297	11	11
745	Nachfrage	15642	8.561	11	11
746	Neues	17319	9.478	11	11
747	Organisationen	20952	11.467	11	11
748	Papi	586	0.321	11	11
749	Parteichef	10353	5.666	11	11
750	Personal	16222	8.878	11	11
751	Pressekonferenz	14647	8.016	11	11
752	Produkte	16898	9.248	11	11
753	Rebellen	15023	8.222	11	11
754	Rechtsanwalt	10327	5.652	11	11
755	Reformen	13929	7.623	11	11
756	Regierungen	17625	9.646	11	11
757	Schreiben	17390	9.517	11	11
758	Sponsoren	6771	3.706	11	11
759	Sport	20375	11.151	11	11
760	Suche	29330	16.052	11	11
761	Tätigkeit	9915	5.426	11	10
762	Tür	26070	14.268	11	11
763	Umweltminister	9833	5.381	11	11
764	Verband	14568	7.973	11	11
765	Vereinigung	20394	11.161	11	11
766	Vergleich	32263	17.657	11	11
767	Vorhaben	12277	6.719	11	11
768	Wiederaufbau	7644	4.183	11	11
769	Würde	12146	6.647	11	11
770	Überprüfung	7558	4.136	11	11
771	A	28466	15.579	10	10
772	Abgeordnetenhaus	12135	6.641	10	10
773	Ablehnung	12749	6.977	10	10
774	Aktionen	20354	11.139	10	10
775	Albaner	4988	2.73	10	10
776	Anklage	17253	9.442	10	10
777	Ansicht	28845	15.786	10	10
778	Anteil	23697	12.969	10	10
779	Antworten	11132	6.092	10	10
780	Arbeiter	21240	11.624	10	10
781	Asyl	9905	5.421	10	10
782	Ausbildung	20273	11.095	10	10
783	Auswahl	11508	6.298	10	10
784	Außenpolitik	7145	3.91	10	10
785	Beamte	16502	9.031	10	10
786	Behinderung	3281	1.796	10	10
787	Berg	19649	10.754	10	10
788	Betreiber	10331	5.654	10	10
789	Bewegungen	10589	5.795	10	10
790	Bewohner	20979	11.481	10	10
791	Bezirken	6644	3.636	10	10
792	Bundestages	6276	3.435	10	10
793	Demokraten	9983	5.464	10	10
794	Demonstranten	22615	12.377	10	10
795	Diagnose	3237	1.772	10	10
796	Dialog	16160	8.844	10	10
797	Diskussionen	12441	6.809	10	10
798	Dokumente	7161	3.919	10	10
799	Durchsuchung	2700	1.478	10	10
800	Einführung	22137	12.115	10	10
801	Entschädigung	8600	4.707	10	10
802	Fehler	27458	15.027	10	10
803	Films	17268	9.45	10	10
804	Forschung	14200	7.771	10	10
805	Freilassung	9676	5.296	10	10
806	Freundin	17956	9.827	10	10
807	Galerie	16864	9.229	10	10
808	Gegenwart	13486	7.381	10	10
809	Genossen	11380	6.228	10	10
810	Gesicht	32928	18.021	10	10
811	Gewerkschaft	26405	14.451	10	10
812	Gewicht	8400	4.597	10	10
813	Glück	33193	18.166	10	10
814	Großteil	11514	6.301	10	10
815	Grundgesetz	8997	4.924	10	10
816	Gründung	16246	8.891	10	10
817	Haltung	27229	14.902	10	10
818	Herren	19987	10.938	10	10
819	Herz	20039	10.967	10	10
820	Hintergrund	33433	18.297	10	10
821	Ideen	20207	11.059	10	10
822	Inhalte	8025	4.392	10	10
823	Initiativen	11451	6.267	10	10
824	Journalist	13875	7.594	10	10
825	Jungen	24702	13.519	10	10
826	Kamera	19911	10.897	10	10
827	Kassen	12138	6.643	10	10
828	Klage	20363	11.144	10	10
829	Kommunisten	11337	6.205	10	10
830	Kompetenz	6452	3.531	10	10
831	Konferenz	17670	9.67	10	10
832	Kongreß	9034	4.944	10	10
833	Konsens	10110	5.533	10	10
834	Konsequenzen	17533	9.595	10	10
835	Kriterien	10762	5.89	10	10
836	Lande	11273	6.17	10	10
837	Landgericht	18366	10.051	10	10
838	Landwirtschaft	12766	6.987	10	10
839	Leistung	15821	8.659	10	10
840	Leser	15361	8.407	10	10
841	Maler	7744	4.238	10	10
842	Materialien	4223	2.311	10	10
843	Mordes	6408	3.507	10	9
844	Palästinensern	6452	3.531	10	10
845	Park	16758	9.171	10	10
846	Perspektive	15116	8.273	10	10
847	Problemen	10530	5.763	10	10
848	Regelung	16491	9.025	10	10
849	Rettung	8648	4.733	10	10
850	Ruf	17532	9.595	10	10
851	Russen	10741	5.878	10	10
852	Rücktritt	21273	11.642	10	10
853	Saal	12933	7.078	10	10
854	Schatten	13845	7.577	10	10
855	Schauspieler	20579	11.262	10	10
856	Schiff	13574	7.429	10	10
857	Skandal	13314	7.287	10	10
858	Spekulationen	6991	3.826	10	10
859	Strukturen	15932	8.719	10	10
860	Städte	20271	11.094	10	10
861	Sänger	10377	5.679	10	10
862	Süden	22480	12.303	10	10
863	Tanz	11216	6.138	10	10
864	Taugenichts	155	0.085	10	10
865	Truppe	8662	4.741	10	10
866	Umsetzung	13880	7.596	10	10
867	Umwelt	27869	15.252	10	10
868	Umzug	9581	5.244	10	10
869	Unterlagen	8868	4.853	10	10
870	Unternehmer	13357	7.31	10	10
871	Urlaub	13799	7.552	10	10
872	Verbesserung	9019	4.936	10	10
873	Verbindung	17967	9.833	10	10
874	Verteidigung	13725	7.511	10	10
875	Vertrauen	16053	8.785	10	10
876	Volkes	10591	5.796	10	10
877	Vordergrund	8211	4.494	10	10
878	Wand	17058	9.336	10	10
879	Wohnraum	3570	1.954	10	10
880	Worten	25800	14.12	10	10
881	Wähler	18585	10.171	10	10
882	Zeitschrift	12126	6.636	10	10
883	Zug	18385	10.062	10	10
884	Zulassung	4897	2.68	10	10
885	Zweck	11251	6.157	10	10
886	Zweifel	27228	14.901	10	10
887	Abteilung	10283	5.628	9	9
888	Aids	10632	5.819	9	9
889	Anfragen	4313	2.36	9	9
890	Angehörigen	10073	5.513	9	9
891	Angriff	19097	10.451	9	9
892	Anwälte	8337	4.563	9	9
893	Auflösung	11211	6.136	9	9
894	Aufträge	6660	3.645	9	9
895	Aussage	18787	10.282	9	9
896	Autorin	11372	6.224	9	9
897	Außenminister	26324	14.407	9	9
898	Beitrag	20097	10.999	9	9
899	Beiträge	10417	5.701	9	9
900	Beleidigung	3962	2.168	9	9
901	Bereitschaft	10263	5.617	9	9
902	Beschluß	11937	6.533	9	9
903	Betroffene	5181	2.835	9	9
904	Blatt	14200	7.771	9	9
905	Brandenburger	13212	7.231	9	9
906	Bruder	18033	9.869	9	9
907	Bundeskanzler	16879	9.238	9	9
908	Bundesrat	13703	7.499	9	9
909	Charakter	11510	6.299	9	9
910	Club	17664	9.667	9	9
911	Darstellung	14592	7.986	9	9
912	Demonstration	21983	12.031	9	9
913	Denkmal	7787	4.262	9	9
914	Eindruck	30668	16.784	9	9
915	Einstellung	12183	6.668	9	9
916	Fest	13277	7.266	9	9
917	Franzosen	11827	6.473	9	9
918	Freundschaft	7762	4.248	9	9
919	Fähigkeit	6256	3.424	9	9
920	Gang	17144	9.383	9	9
921	Gefangenen	16116	8.82	9	9
922	Gefühl	28326	15.502	9	9
923	Gegensatz	22806	12.481	9	9
924	Genehmigung	10863	5.945	9	9
925	Grad	26244	14.363	9	9
926	Handlungen	4269	2.336	9	9
927	Herzen	13824	7.566	9	9
928	Hof	10117	5.537	9	9
929	Händen	13207	7.228	9	9
930	Insel	20943	11.462	9	9
931	Kampfes	3083	1.687	9	9
932	Kapitalismus	10735	5.875	9	9
933	Katalog	7637	4.18	9	9
934	Katastrophe	15105	8.267	9	9
935	Kern	12261	6.71	9	9
936	Konflikt	23607	12.92	9	9
937	Konzert	16005	8.759	9	9
938	Kreisen	8694	4.758	9	9
939	Kriegsverbrecher	2642	1.446	9	9
940	Kulturen	12327	6.746	9	9
941	Kurs	16886	9.241	9	9
942	Können	6980	3.82	9	9
943	Laufe	11375	6.225	9	9
944	Leinwand	8551	4.68	9	9
945	Linie	30696	16.799	9	9
946	Linken	21762	11.91	9	9
947	Meer	17300	9.468	9	9
948	Messe	10011	5.479	9	9
949	Methode	8506	4.655	9	9
950	Ministerpräsidenten	16542	9.053	9	9
951	Nation	16349	8.947	9	9
952	Potsdamer	15059	8.242	9	9
953	Premierminister	11962	6.547	9	9
954	Professor	22052	12.069	9	9
955	Psyche	1795	0.982	9	9
956	Regel	21399	11.711	9	9
957	Rücken	18003	9.853	9	9
958	Sammlung	10382	5.682	9	9
959	Schließung	13402	7.335	9	9
960	Schuld	19349	10.589	9	9
961	Sender	18581	10.169	9	9
962	Sitz	12223	6.689	9	9
963	Sitzen	3499	1.915	9	9
964	Stand	16867	9.231	9	9
965	Standort	14458	7.913	9	9
966	Summe	13524	7.401	9	9
967	Tagesordnung	9999	5.472	9	9
968	Tasche	9408	5.149	9	9
969	Tatsachen	5066	2.773	9	9
970	Technik	18130	9.922	9	9
971	Termin	12839	7.027	9	9
972	Terrorismus	10420	5.703	9	9
973	US-Teenager	31	0.017	9	9
974	Untersuchungen	11181	6.119	9	9
975	Verbot	18812	10.295	9	9
976	Verkehr	17053	9.333	9	9
977	Verletzung	6452	3.531	9	9
978	Version	10645	5.826	9	9
979	Verwaltungsgericht	9539	5.221	9	9
980	Vorjahr	11883	6.503	9	9
981	Vorsitzende	32855	17.981	9	9
982	Vorstellung	22457	12.29	9	9
983	Wagen	13692	7.493	9	9
984	Wahrheit	29297	16.034	9	9
985	Westberliner	7356	4.026	9	9
986	Worte	26185	14.331	9	9
987	Zeichen	28037	15.344	9	9
988	Zugang	16592	9.08	9	9
989	Zwecke	5420	2.966	9	9
990	Änderung	11239	6.151	9	9
991	AKWs	4738	2.593	8	8
992	Abbau	10275	5.623	8	8
993	Abstimmung	14604	7.992	8	8
994	Akteure	6055	3.314	8	8
995	Aktivisten	8345	4.567	8	8
996	Aktivitäten	14302	7.827	8	8
997	Allianz	10484	5.738	8	8
998	Amtsgericht	8699	4.761	8	8
999	Anliegen	9577	5.241	8	8
1000	Anzeigen	5844	3.198	8	8
1001	Arbeitnehmer	11629	6.364	8	8
1002	Architektur	10387	5.685	8	8
1003	Armut	14847	8.125	8	8
1004	Aufklärung	17597	9.63	8	8
1005	Aufsichtsrat	8253	4.517	8	8
1006	Auslieferungsantrag	290	0.159	8	8
1007	Autos	26708	14.617	8	8
1008	Bauantrag	508	0.278	8	8
1009	Bedrohung	10373	5.677	8	8
1010	Beirat	5961	3.262	8	7
1011	Beschluss	8816	4.825	8	8
1012	Beschlüsse	5303	2.902	8	8
1013	Bezirksamt	6961	3.81	8	8
1014	Bildern	15678	8.58	8	8
1015	Bundesamt	7742	4.237	8	8
1016	Bundestagswahl	11401	6.24	8	8
1017	Büro	20223	11.068	8	8
1018	Chancen	29024	15.884	8	8
1019	Dach	14695	8.042	8	8
1020	Debatten	7557	4.136	8	8
1021	Diktator	5299	2.9	8	8
1022	EU-Kommission	10377	5.679	8	8
1023	Ehe	12656	6.926	8	8
1024	Einkommen	12084	6.613	8	8
1025	Einwandererfilmen	8	0.004	8	8
1026	Entsorgung	4121	2.255	8	8
1027	Erweiterung	6640	3.634	8	8
1028	Essen	25831	14.137	8	7
1029	Fabrik	7959	4.356	8	8
1030	Fahrt	12367	6.768	8	8
1031	Farben	10639	5.823	8	8
1032	Fläche	9747	5.334	8	8
1033	Folter	8837	4.836	8	8
1034	Formen	13924	7.62	8	8
1035	Fähigkeiten	5988	3.277	8	8
1036	Gefangene	8542	4.675	8	8
1037	Geschäfte	15592	8.533	8	8
1038	Gestaltung	7005	3.834	8	8
1039	Grundstück	6657	3.643	8	8
1040	Gutachten	17488	9.571	8	8
1041	Herkunft	14345	7.851	8	8
1042	Herrschaft	7266	3.977	8	8
1043	Immobilien	4599	2.517	8	8
1044	Infrastruktur	9416	5.153	8	8
1045	Innenministerium	9142	5.003	8	8
1046	Innenstadt	16250	8.893	8	8
1047	Insolvenzantrag	385	0.211	8	8
1048	Institut	23612	12.922	8	8
1049	Institute	5635	3.084	8	8
1050	Institution	7559	4.137	8	8
1051	Instituts	9118	4.99	8	8
1052	Investoren	14309	7.831	8	8
1053	Kaffee	13159	7.202	8	8
1054	Kanzleramt	5011	2.742	8	8
1055	Klinik	8257	4.519	8	8
1056	Literatur	20576	11.261	8	7
1057	Mandat	8173	4.473	8	8
1058	Marsch	6411	3.509	8	8
1059	Meister	16443	8.999	8	8
1060	Mengen	6341	3.47	8	8
1061	Migranten	9968	5.455	8	8
1062	Minderheiten	7998	4.377	8	8
1063	Minute	16041	8.779	8	8
1064	MitarbeiterInnen	9022	4.938	8	8
1065	Mitarbeitern	11158	6.107	8	8
1066	Moral	8790	4.811	8	8
1067	Mörder	9098	4.979	8	8
1068	Niedersachsen	29773	16.294	8	8
1069	Nord	12980	7.104	8	8
1070	Ost	21161	11.581	8	8
1071	Ostberliner	9669	5.292	8	8
1072	Passanten	6077	3.326	8	8
1073	Rassismus	13239	7.245	8	8
1074	Rat	16310	8.926	8	8
1075	Rechnung	13451	7.361	8	8
1076	Rechten	12805	7.008	8	8
1077	Redaktion	14554	7.965	8	8
1078	Reihen	13275	7.265	8	8
1079	Reisen	9850	5.391	8	8
1080	Räumung	6326	3.462	8	8
1081	SEITE	27397	14.994	8	8
1082	Scheitern	12107	6.626	8	7
1083	SchülerInnen	10874	5.951	8	8
1084	Serben	15137	8.284	8	8
1085	Sex	17785	9.733	8	8
1086	Spiele	16987	9.297	8	8
1087	Staatssekretär	9968	5.455	8	8
1088	Stabilität	6009	3.289	8	8
1089	Start	13640	7.465	8	8
1090	Stellung	12870	7.044	8	8
1091	Subventionen	8819	4.826	8	8
1092	Systems	7050	3.858	8	8
1093	Teilen	15399	8.428	8	8
1094	Teilnahme	12407	6.79	8	8
1095	Teilnehmer	17040	9.326	8	8
1096	Telefon	14974	8.195	8	8
1097	Territorium	4552	2.491	8	8
1098	Therapie	5995	3.281	8	8
1099	Touristen	15195	8.316	8	8
1100	Träger	9792	5.359	8	8
1101	Unbekannt	802	0.439	8	8
1102	Unterkunft	3520	1.926	8	8
1103	Verdächtige	2902	1.588	8	8
1104	Vereinbarungen	4362	2.387	8	8
1105	Verliebtheit	233	0.128	8	8
1106	Verlängerung	10120	5.538	8	8
1107	Verträge	11480	6.283	8	8
1108	Vorfall	7067	3.868	8	8
1109	Vorsitzenden	13513	7.395	8	8
1110	Votum	5914	3.237	8	8
1111	Wahrnehmung	7161	3.919	8	8
1112	Wege	22622	12.381	8	8
1113	Zeitungen	19585	10.718	8	8
1114	Zivilisten	9024	4.939	8	8
1115	Zähne	4642	2.541	8	8
1116	Äußerungen	14805	8.102	8	8
1117	Überleben	7210	3.946	8	8
1118	Abkommen	15397	8.426	7	7
1119	Absicht	11258	6.161	7	7
1120	Agenda	6285	3.44	7	7
1121	Aktionäre	3847	2.105	7	7
1122	Album	13736	7.517	7	7
1123	Alltag	20183	11.046	7	7
1124	Arbeitsmarkt	11916	6.521	7	7
1125	Arbeitsplatz	10685	5.848	7	7
1126	Atomausstieg	3337	1.826	7	7
1127	Auffassung	14109	7.722	7	7
1128	Auflagen	7038	3.852	7	7
1129	Ausgaben	11477	6.281	7	7
1130	Ausnahme	13570	7.427	7	7
1131	Ausreise	3110	1.702	7	7
1132	Auswirkungen	14934	8.173	7	7
1133	Bahnhof	17340	9.49	7	7
1134	Bedingung	6053	3.313	7	7
1135	Begründung	22720	12.434	7	7
1136	Bein	5973	3.269	7	7
1137	Bekämpfung	7996	4.376	7	7
1138	Berliner	196633	107.613	7	7
1139	Beruf	15261	8.352	7	7
1140	Beust	7965	4.359	7	7
1141	Bezirke	7820	4.28	7	7
1142	Bezug	9259	5.067	7	7
1143	Bruch	8176	4.475	7	7
1144	Bundes	12388	6.78	7	7
1145	Bundesanwaltschaft	6512	3.564	7	7
1146	Bäume	10231	5.599	7	7
1147	BürgerInnen	6670	3.65	7	7
1148	Bürgern	8646	4.732	7	7
1149	Christdemokraten	6675	3.653	7	7
1150	Christen	8302	4.544	7	7
1151	Deutsche	66128	36.19	7	7
1152	Diktatur	7931	4.341	7	7
1153	Dreck	5519	3.02	7	7
1154	Durchführung	3323	1.819	7	7
1155	Ehefrau	8090	4.428	7	7
1156	Eigenes	603	0.33	7	7
1157	Einigung	15697	8.591	7	7
1158	Einwanderer	6851	3.749	7	7
1159	Erfüllung	4424	2.421	7	7
1160	Ferien	4376	2.395	7	7
1161	Figur	14111	7.723	7	7
1162	Filmen	12265	6.712	7	7
1163	Flasche	5736	3.139	7	7
1164	Flugzeuge	5641	3.087	7	7
1165	Freude	18931	10.361	7	7
1166	Front	13936	7.627	7	7
1167	Gaza-Streifen	4702	2.573	7	7
1168	Gebiete	9240	5.057	7	7
1169	Geburt	9796	5.361	7	7
1170	Gesetzes	6347	3.474	7	7
1171	Glas	9244	5.059	7	7
1172	Gremium	8185	4.48	7	7
1173	Grunde	12649	6.923	7	7
1174	Hamas	8218	4.498	7	7
1175	Haushalt	17209	9.418	7	7
1176	Helden	13944	7.631	7	7
1177	Hersteller	8389	4.591	7	7
1178	Hochschule	14995	8.206	7	7
1179	Holz	8622	4.719	7	7
1180	Hände	20547	11.245	7	7
1181	Image	12737	6.971	7	7
1182	Individuum	2270	1.242	7	7
1183	Information	10802	5.912	7	7
1184	Inhalt	11633	6.367	7	7
1185	Intellektuellen	6655	3.642	7	7
1186	Jahresende	7511	4.111	7	7
1187	Jahrestag	7826	4.283	7	7
1188	Jazz	13083	7.16	7	7
1189	Kabinett	12605	6.898	7	7
1190	Kandidatur	7998	4.377	7	7
1191	Kapital	10939	5.987	7	7
1192	Karten	12760	6.983	7	7
1193	Kinos	11100	6.075	7	7
1194	Kirchen	13003	7.116	7	7
1195	Kiss-Fanclub	8	0.004	7	7
1196	Kontinuität	3894	2.131	7	7
1197	Kreuz	9793	5.36	7	7
1198	Kroaten	5520	3.021	7	7
1199	Küche	10233	5.6	7	7
1200	Künstlerinnen	3175	1.738	7	6
1201	Landschaft	10883	5.956	7	7
1202	Legislaturperiode	6632	3.63	7	7
1203	Leitung	13325	7.293	7	7
1204	Lesben	8118	4.443	7	7
1205	Lesung	8479	4.64	7	7
1206	Leugnung	545	0.298	7	7
1207	Liberalisierung	4693	2.568	7	7
1208	Logik	8660	4.739	7	7
1209	Machtfrage	523	0.286	7	7
1210	Menschheit	7931	4.341	7	7
1211	Metern	8954	4.9	7	7
1212	Miete	7826	4.283	7	7
1213	Mißtrauensantrag	789	0.432	7	7
1214	Moderne	11033	6.038	7	7
1215	Nachrichten	12809	7.01	7	7
1216	Neubau	8894	4.868	7	7
1217	Niveau	13494	7.385	7	7
1218	Oberbürgermeister	8067	4.415	7	7
1219	Opfern	9244	5.059	7	7
1220	Oppositionsführer	3163	1.731	7	7
1221	Perfektion	1708	0.935	7	7
1222	Pfarrer	8015	4.386	7	7
1223	Pflicht	11080	6.064	7	7
1224	Pfund	7462	4.084	7	7
1225	Planung	11444	6.263	7	7
1226	Polizeisprecher	5619	3.075	7	7
1227	Positionen	14720	8.056	7	7
1228	Post	19215	10.516	7	7
1229	Premier	9698	5.308	7	7
1230	Premiere	14421	7.892	7	7
1231	Protagonisten	8484	4.643	7	7
1232	Prozeß	22987	12.58	7	7
1233	Punkten	11340	6.206	7	7
1234	Qualitäten	3500	1.916	7	7
1235	Rande	24233	13.262	7	7
1236	Regen	12639	6.917	7	7
1237	Regimes	5314	2.908	7	7
1238	Reise	24440	13.376	7	7
1239	Republikaner	11669	6.386	7	7
1240	Ressourcen	6567	3.594	7	7
1241	Risiken	9372	5.129	7	7
1242	Risiko	15378	8.416	7	7
1243	Rundfunk	9985	5.465	7	7
1244	SPD-Fraktion	7771	4.253	7	7
1245	Schlange	5634	3.083	7	7
1246	Schriftsteller	21310	11.663	7	7
1247	Schwerpunkt	9498	5.198	7	7
1248	Senatorin	9936	5.438	7	7
1249	Serie	16479	9.019	7	7
1250	Sicherung	5975	3.27	7	7
1251	Song	9598	5.253	7	7
1252	Sonne	21265	11.638	7	7
1253	Sozialisten	8335	4.562	7	7
1254	Stadtrat	5534	3.029	7	7
1255	Steuern	14446	7.906	7	7
1256	Strafverfolgung	2684	1.469	7	7
1257	Strategie	16487	9.023	7	7
1258	Studien	8334	4.561	7	7
1259	Stühle	3182	1.741	7	7
1260	Taten	9129	4.996	7	7
1261	Teams	9309	5.095	7	7
1262	These	10093	5.524	7	7
1263	Tode	10436	5.711	7	7
1264	Topf	3717	2.034	7	7
1265	Trend	13715	7.506	7	7
1266	Türken	13164	7.204	7	7
1267	Umfang	8952	4.899	7	7
1268	Umweltministerium	5478	2.998	7	7
1269	Unrecht	8443	4.621	7	7
1270	Unterricht	10552	5.775	7	7
1271	Variante	8349	4.569	7	7
1272	Veranstaltungen	15419	8.439	7	7
1273	Verfassungsschutz	11563	6.328	7	7
1274	Verfolgung	9656	5.285	7	7
1275	Vernunft	6880	3.765	7	7
1276	Versammlung	8211	4.494	7	7
1277	Verständnis	16370	8.959	7	7
1278	Versuch	33967	18.589	7	7
1279	Verteilung	6312	3.454	7	7
1280	Veränderungen	13869	7.59	7	7
1281	Vorrang	3692	2.021	7	7
1282	Vorwurf	21849	11.958	7	7
1283	Weltbank	8518	4.662	7	7
1284	Weltkrieg	13878	7.595	7	7
1285	Werke	15396	8.426	7	7
1286	Widerspruch	13516	7.397	7	7
1287	Wiedervereinigung	7370	4.033	7	7
1288	Wiederwahl	3248	1.778	7	7
1289	Winter	17383	9.513	7	7
1290	World	11818	6.468	7	7
1291	Wunsch	21735	11.895	7	7
1292	Wünsche	6638	3.633	7	7
1293	Zeugen	14709	8.05	7	7
1294	Ziele	17864	9.777	7	7
1295	Überlegenheit	2495	1.366	7	7
1296	&amp;	51447	28.156	6	6
1297	Abstand	9410	5.15	6	6
1298	Amtes	5439	2.977	6	6
1299	Anzahl	9521	5.211	6	6
1300	Arbeitsgruppe	7536	4.124	6	6
1301	Arbeitsplätzen	6576	3.599	6	6
1302	Argumente	9478	5.187	6	6
1303	Arme	11099	6.074	6	6
1304	Armen	10717	5.865	6	6
1305	Aspekte	5622	3.077	6	6
1306	Asylanträge	992	0.543	6	6
1307	Athleten	3520	1.926	6	6
1308	Aufarbeitung	5123	2.804	6	6
1309	Aufnahmen	6676	3.654	6	6
1310	Auge	19557	10.703	6	6
1311	Austausch	7008	3.835	6	6
1312	Ausweitung	6067	3.32	6	6
1313	Auswertung	3088	1.69	6	6
1314	B	11014	6.028	6	6
1315	Bands	9600	5.254	6	6
1316	Bauern	21682	11.866	6	6
1317	Baum	8234	4.506	6	6
1318	Bedarf	11390	6.234	6	6
1319	Bedürfnis	5267	2.883	6	6
1320	Befehl	4316	2.362	6	6
1321	Begleitung	4766	2.608	6	6
1322	Behauptung	7997	4.377	6	6
1323	Beihilfe	3821	2.091	6	6
1324	Bekannte	3642	1.993	6	5
1325	Belästigung	1892	1.035	6	6
1326	Berufung	12892	7.056	6	6
1327	Besatzung	5896	3.227	6	6
1328	Beweise	6738	3.688	6	6
1329	Bewertung	5411	2.961	6	6
1330	Bilanz	14150	7.744	6	6
1331	Block	6424	3.516	6	6
1332	Branche	13051	7.143	6	6
1333	Bundesanstalt	5269	2.884	6	6
1334	Bus	13618	7.453	6	6
1335	Büros	8111	4.439	6	6
1336	Container	4666	2.554	6	6
1337	Damen	12485	6.833	6	6
1338	Dauer	13823	7.565	6	6
1339	Denken	11818	6.468	6	6
1340	Dichter	8918	4.881	6	6
1341	Dilemma	6371	3.487	6	6
1342	Dingen	7664	4.194	6	6
1343	Distanz	10630	5.818	6	6
1344	EU-Staaten	3537	1.936	6	6
1345	Ehebruch	589	0.322	6	5
1346	Eilantrag	1060	0.58	6	6
1347	Eimer	1785	0.977	6	6
1348	Einfluss	14013	7.669	6	6
1349	Einschätzung	14457	7.912	6	6
1350	Einstieg	6442	3.526	6	6
1351	Einzelfall	6051	3.312	6	6
1352	Elend	6754	3.696	6	6
1353	Englisch	7741	4.237	6	6
1354	Erhöhung	12518	6.851	6	6
1355	Erinnerung	19736	10.801	6	6
1356	Erkenntnisse	8533	4.67	6	6
1357	Ermessen	929	0.508	6	6
1358	Ermittlern	1057	0.579	6	6
1359	Existenzberechtigung	655	0.359	6	6
1360	Existenzrecht	548	0.3	6	6
1361	FOTO	8972	4.91	6	6
1362	Fach	5667	3.101	6	6
1363	Fahrer	10802	5.912	6	6
1364	Feuer	17289	9.462	6	6
1365	Flaschen	5203	2.848	6	6
1366	Fleisch	12113	6.629	6	6
1367	Flughafens	4615	2.526	6	6
1368	Flugzeug	8729	4.777	6	6
1369	Flächen	8027	4.393	6	6
1370	Flügel	7882	4.314	6	6
1371	Fonds	8697	4.76	6	6
1372	Fortbestand	1503	0.823	6	6
1373	Fortführung	1765	0.966	6	6
1374	Fortschritt	8589	4.701	6	6
1375	Fotograf	4627	2.532	6	6
1376	Generationen	8122	4.445	6	6
1377	Genuß	3177	1.739	6	6
1378	Gerät	5318	2.91	6	6
1379	Gesprächen	12698	6.949	6	6
1380	Gesten	4770	2.611	6	6
1381	Großmeister	769	0.421	6	6
1382	Grundgesetzes	3785	2.071	6	6
1383	Grundstücke	4774	2.613	6	6
1384	Größe	12398	6.785	6	6
1385	Gründe	20859	11.416	6	6
1386	Hamburger	116493	63.754	6	6
1387	Humor	9573	5.239	6	6
1388	Hunger	7204	3.943	6	6
1389	Ideologie	6974	3.817	6	6
1390	Intendant	6488	3.551	6	6
1391	Internetseite	2437	1.334	6	6
1392	Karte	9620	5.265	6	6
1393	Kindergarten	4433	2.426	6	6
1394	Kitas	5586	3.057	6	6
1395	Klagen	7846	4.294	6	6
1396	Kleidung	7915	4.332	6	6
1397	Knast	10451	5.72	6	6
1398	Kollege	11925	6.526	6	6
1399	Kommunalwahl	2567	1.405	6	6
1400	Kontakt	21788	11.924	6	6
1401	Kopien	2252	1.233	6	6
1402	Krankheit	14085	7.708	6	6
1403	Kriegsverbrechen	3353	1.835	6	6
1404	Kurse	5709	3.124	6	6
1405	Künstlerin	7727	4.229	6	6
1406	Künstlers	4734	2.591	6	6
1407	Küste	10459	5.724	6	6
1408	Laien	2883	1.578	6	6
1409	Landesamt	3992	2.185	6	6
1410	Last	8292	4.538	6	6
1411	Lehre	8747	4.787	6	6
1412	Leiche	6665	3.648	6	6
1413	Leichen	8406	4.6	6	6
1414	Leid	5890	3.224	6	6
1415	Leistungsfähigkeit	1817	0.994	6	6
1416	Loch	8571	4.691	6	6
1417	Malerei	6204	3.395	6	6
1418	Manager	17070	9.342	6	6
1419	Mauer	18650	10.207	6	6
1420	Maßnahme	9275	5.076	6	6
1421	Medizin	7279	3.984	6	6
1422	Mieter	12352	6.76	6	6
1423	Mißbrauch	4196	2.296	6	6
1424	Mord	19864	10.871	6	6
1425	Müll	11388	6.232	6	6
1426	Mütter	11358	6.216	6	6
1427	Nachbarschaft	6018	3.294	6	6
1428	Naturschutz	7636	4.179	6	6
1429	Nerven	5496	3.008	6	6
1430	Neutralität	1943	1.063	6	6
1431	Not	13852	7.581	6	6
1432	Nummer	20112	11.007	6	6
1433	Objekte	5909	3.234	6	6
1434	Ohren	11853	6.487	6	6
1435	Ostteil	5300	2.901	6	6
1436	Paare	5353	2.93	6	6
1437	Panter	326	0.178	6	6
1438	Performance	5240	2.868	6	6
1439	Perspektiven	7644	4.183	6	6
1440	Pflege	6369	3.486	6	6
1441	Phase	10839	5.932	6	6
1442	Pressesprecher	7575	4.146	6	6
1443	Produkt	9402	5.146	6	6
1444	Programme	8524	4.665	6	6
1445	Referendum	6260	3.426	6	6
1446	Regierungschef	12941	7.082	6	6
1447	Regisseurin	6040	3.306	6	6
1448	Revolution	23760	13.003	6	6
1449	Rollen	8076	4.42	6	6
1450	Routine	2485	1.36	6	6
1451	Saison	21641	11.844	6	6
1452	Schaffung	6435	3.522	6	6
1453	Schiedsrichter	5156	2.822	6	5
1454	Schnee	7930	4.34	6	6
1455	Schritte	12375	6.773	6	6
1456	Schweigen	10209	5.587	6	6
1457	Schwierigkeiten	18650	10.207	6	6
1458	Schwule	7091	3.881	6	6
1459	Schönheit	8735	4.781	6	6
1460	Sendung	13374	7.319	6	6
1461	Sieger	9868	5.401	6	6
1462	Sinti	4159	2.276	6	6
1463	Sozialamt	4156	2.275	6	6
1464	Sozialarbeiter	3811	2.086	6	6
1465	Sozialpolitik	4056	2.22	6	6
1466	Sportler	5525	3.024	6	6
1467	Staatsanwalt	10665	5.837	6	6
1468	Staatsbürgerschaft	6257	3.424	6	6
1469	Stadion	10879	5.954	6	6
1470	Strafanzeigen	974	0.533	6	6
1471	Strafe	13471	7.372	6	6
1472	Struktur	9763	5.343	6	6
1473	Studierende	7034	3.85	6	6
1474	Symbol	10184	5.574	6	6
1475	Symbole	3842	2.103	6	6
1476	Szenen	12907	7.064	6	6
1477	Tarifvertrag	4098	2.243	6	5
1478	Tasse	1744	0.955	6	6
1479	Tendenzen	3926	2.149	6	6
1480	Termine	6411	3.509	6	6
1481	Test	6432	3.52	6	6
1482	Tier	10379	5.68	6	6
1483	Toten	16018	8.766	6	6
1484	Tourismus	9976	5.46	6	6
1485	Transport	8278	4.53	6	6
1486	Traum	16896	9.247	6	6
1487	Türen	10689	5.85	6	6
1488	Uhren	1736	0.95	6	6
1489	Umweltbehörde	4066	2.225	6	6
1490	Umweltorganisation	1742	0.953	6	6
1491	Umweltschutz	10045	5.497	6	6
1492	Veranstalter	14854	8.129	6	6
1493	Verbesserungen	3654	2	6	6
1494	Verbraucher	10869	5.948	6	6
1495	Verbände	7120	3.897	6	6
1496	Verdächtigen	3661	2.004	6	6
1497	Vereinbarung	8949	4.898	6	6
1498	Vereinen	3099	1.696	6	6
1499	Verlag	28210	15.439	6	6
1500	Verpflichtung	6193	3.389	6	6
1501	Verteidiger	9604	5.256	6	6
1502	Vertretung	4100	2.244	6	6
1503	Veröffentlichung	9341	5.112	6	6
1504	Video	9590	5.248	6	6
1505	Videos	5148	2.817	6	6
1506	Vogel	11071	6.059	6	6
1507	Volksverhetzung	2610	1.428	6	6
1508	Voraussetzungen	10088	5.521	6	6
1509	Vorbereitung	9162	5.014	6	6
1510	Vorbild	15639	8.559	6	6
1511	Vorgang	6699	3.666	6	6
1512	Vorlage	9734	5.327	6	6
1513	Vorschläge	16333	8.939	6	6
1514	Vorsitzender	17491	9.572	6	6
1515	Väter	7377	4.037	6	6
1516	Vögel	5806	3.178	6	6
1517	Wald	13855	7.583	6	6
1518	Website	4037	2.209	6	6
1519	Weihnachten	12804	7.007	6	6
1520	Wesen	8924	4.884	6	6
1521	Wirtschaftlichkeit	1647	0.901	6	6
1522	Wohnzimmer	5426	2.97	6	6
1523	Wunder	21364	11.692	6	6
1524	Zeichnungen	5760	3.152	6	6
1525	Zelte	1890	1.034	6	6
1526	Zimmer	15192	8.314	6	6
1527	Zitat	4769	2.61	6	6
1528	Zuge	10944	5.989	6	6
1529	Zusammenhängen	1380	0.755	6	6
1530	Zuständigkeit	2963	1.622	6	6
1531	Ärger	11766	6.439	6	6
1532	Überlegungen	8467	4.634	6	6
1533	Übernahme	12426	6.801	6	6
1534	Überschrift	4730	2.589	6	6
1535	Überwachung	6257	3.424	6	6
1536	…	52239	28.589	6	6
1537	Abschaffung	10912	5.972	5	5
1538	Absicherung	3359	1.838	5	5
1539	Abwehr	5678	3.107	5	5
1540	Adresse	8215	4.496	5	5
1541	Akt	8723	4.774	5	5
1542	Anbieter	6571	3.596	5	5
1543	Angebote	10896	5.963	5	5
1544	Angelegenheit	9574	5.24	5	5
1545	Angestellten	11013	6.027	5	5
1546	Anhörung	6555	3.587	5	5
1547	Anlaß	13836	7.572	5	5
1548	Anschlag	18826	10.303	5	5
1549	Anschluß	5893	3.225	5	5
1550	Anträgen	1711	0.936	5	5
1551	Anwendung	6290	3.442	5	5
1552	Anwesenheit	5164	2.826	5	5
1553	Arbeitskräfte	3938	2.155	5	5
1554	Arbeitslosen	11601	6.349	5	5
1555	Arbeitszeit	5828	3.19	5	5
1556	Arm	13154	7.199	5	5
1557	Aspekt	5581	3.054	5	5
1558	Atomkraftwerk	4208	2.303	5	5
1559	Atomkraftwerke	4396	2.406	5	5
1560	Attacken	3521	1.927	5	5
1561	Aufforderung	6450	3.53	5	5
1562	Aufmerksamkeit	13632	7.461	5	5
1563	Aufruf	9975	5.459	5	5
1564	Aufschwung	6042	3.307	5	5
1565	Aufwand	6519	3.568	5	5
1566	Ausbeutung	4679	2.561	5	5
1567	Ausdruck	18671	10.218	5	5
1568	Ausschuß	6194	3.39	5	5
1569	Aussicht	12282	6.722	5	5
1570	Ausstellungen	7061	3.864	5	5
1571	Autobahn	8800	4.816	5	5
1572	Begrenzung	2673	1.463	5	5
1573	Behauptungen	3227	1.766	5	5
1574	Beitritt	4657	2.549	5	5
1575	Beseitigung	3504	1.918	5	5
1576	Betrug	4277	2.341	5	5
1577	Bett	13421	7.345	5	5
1578	BewohnerInnen	4031	2.206	5	5
1579	Bezirksversammlung	1846	1.01	5	5
1580	Biographie	3719	2.035	5	5
1581	Bleistift	871	0.477	5	4
1582	Buchs	1835	1.004	5	5
1583	Budget	4234	2.317	5	5
1584	Bundesländer	12733	6.969	5	5
1585	Bundestagsabgeordnete	5030	2.753	5	5
1586	Bürgschaft	1298	0.71	5	5
1587	CD	7598	4.158	5	5
1588	Dame	10739	5.877	5	5
1589	Datum	5778	3.162	5	5
1590	Delegation	7933	4.342	5	5
1591	Demonstrationen	12768	6.988	5	5
1592	Demos	2971	1.626	5	5
1593	Design	5170	2.829	5	4
1594	Details	12561	6.874	5	5
1595	Deutsch	14800	8.1	5	5
1596	Ding	7455	4.08	5	5
1597	Diskriminierung	8023	4.391	5	5
1598	Dokument	5567	3.047	5	5
1599	Durchsetzung	4446	2.433	5	5
1600	Dutzend	13620	7.454	5	5
1601	Dynamik	4716	2.581	5	5
1602	Dächer	1496	0.819	5	5
1603	Eigentümer	7809	4.274	5	5
1604	Eignung	1111	0.608	5	5
1605	Einladung	9736	5.328	5	5
1606	Einsicht	7147	3.911	5	5
1607	Einsparungen	6798	3.72	5	5
1608	Eintritt	12056	6.598	5	5
1609	Einwohner	14613	7.997	5	5
1610	Eis	10902	5.966	5	5
1611	Elemente	7125	3.899	5	5
1612	Emanzipation	3230	1.768	5	5
1613	Ergänzung	2551	1.396	5	5
1614	Erhalt	9626	5.268	5	5
1615	Erhaltung	2942	1.61	5	5
1616	Erkenntnis	10752	5.884	5	5
1617	Erklärungen	6301	3.448	5	5
1618	Ermittlungen	21042	11.516	5	5
1619	Ernte	3425	1.874	5	5
1620	Ersatz	5476	2.997	5	5
1621	Erziehung	9282	5.08	5	5
1622	Experiment	5781	3.164	5	5
1623	Experimente	3793	2.076	5	5
1624	Fachwissen	691	0.378	5	5
1625	Fahrzeuge	7268	3.978	5	5
1626	Fakten	9663	5.288	5	5
1627	Falle	17339	9.489	5	5
1628	Faszination	3667	2.007	5	5
1629	Feind	8016	4.387	5	5
1630	Fenster	19415	10.625	5	5
1631	Festivals	6482	3.548	5	5
1632	Feuerwehr	8749	4.788	5	5
1633	Fiktion	3379	1.849	5	5
1634	Finanzen	5855	3.204	5	5
1635	Finanzkrise	5709	3.124	5	5
1636	Fraktionschef	8846	4.841	5	5
1637	Fraktionsvorsitzende	4703	2.574	5	5
1638	Frequenz	1777	0.973	5	5
1639	Frist	6665	3.648	5	5
1640	Funktionen	3383	1.851	5	5
1641	Fußballs	2694	1.474	5	5
1642	Fußballturnier	281	0.154	5	5
1643	Garten	11678	6.391	5	5
1644	Gebieten	12355	6.762	5	5
1645	Gebäudes	4646	2.543	5	5
1646	Gegenzug	7892	4.319	5	5
1647	Gentechnik	4201	2.299	5	5
1648	Geste	6661	3.645	5	5
1649	Gewaltmonopol	693	0.379	5	5
1650	Gewinne	8440	4.619	5	5
1651	Gipfel	8990	4.92	5	5
1652	Gitarre	7192	3.936	5	4
1653	Globalisierung	9470	5.183	5	5
1654	Gymnasium	6083	3.329	5	5
1655	Gültigkeit	1982	1.085	5	5
1656	Handlungsfähigkeit	1103	0.604	5	5
1657	Haschisch	2402	1.315	5	5
1658	Hauptbahnhof	6578	3.6	5	5
1659	Haut	10195	5.58	5	5
1660	Herausgeber	5512	3.017	5	5
1661	Himmel	21025	11.507	5	5
1662	Hinsicht	9332	5.107	5	5
1663	Hinweis	17345	9.493	5	5
1664	Hochzeit	4689	2.566	5	5
1665	Hooligans	2476	1.355	5	5
1666	Hotelzimmer	1770	0.969	5	5
1667	Innensenators	1855	1.015	5	5
1668	Interviews	10025	5.487	5	5
1669	Investor	6603	3.614	5	5
1670	Kanzlerin	5847	3.2	5	5
1671	Kerze	1053	0.576	5	5
1672	Kerzen	2467	1.35	5	5
1673	Klimawandel	4431	2.425	5	5
1674	Klischees	6067	3.32	5	5
1675	Kläger	4150	2.271	5	5
1676	Konflikte	12829	7.021	5	5
1677	Konflikten	4112	2.25	5	5
1678	Kontinent	5096	2.789	5	5
1679	Kontingent	1134	0.621	5	5
1680	Konto	7138	3.907	5	5
1681	Kräften	5583	3.056	5	5
1682	König	18432	10.087	5	5
1683	Köpfen	5862	3.208	5	5
1684	Kündigung	7706	4.217	5	5
1685	Kürze	4424	2.421	5	5
1686	Labour	4297	2.352	5	5
1687	Landesparteitag	3184	1.743	5	5
1688	Leerstand	1473	0.806	5	5
1689	Lehrkräfte	1638	0.896	5	5
1690	Lektüre	5573	3.05	5	5
1691	Leugnen	327	0.179	5	5
1692	Lobby	3597	1.969	5	5
1693	Lösungen	8555	4.682	5	5
1694	Machtverhältnisse	1239	0.678	5	4
1695	Male	4353	2.382	5	5
1696	Mannes	12982	7.105	5	5
1697	Marktes	3644	1.994	5	5
1698	Maschinen	8835	4.835	5	5
1699	Mehrheiten	3709	2.03	5	5
1700	Meinungen	4667	2.554	5	5
1701	Minderheitsregierung	1690	0.925	5	5
1702	Mitgliederversammlung	2317	1.268	5	5
1703	Moderator	5181	2.835	5	5
1704	Modernisierung	6942	3.799	5	5
1705	Möbel	4124	2.257	5	5
1706	NGOs	2986	1.634	5	5
1707	Nachspiel	1301	0.712	5	5
1708	Name	22093	12.091	5	5
1709	Nationalismus	5298	2.9	5	5
1710	Nationalsozialismus	7056	3.862	5	5
1711	Nationalsozialisten	3015	1.65	5	5
1712	Nein	52391	28.672	5	5
1713	Nutzen	6502	3.558	5	5
1714	Objekt	6490	3.552	5	5
1715	Offensive	8532	4.669	5	5
1716	Originalfassung	5332	2.918	5	5
1717	PC	2250	1.231	5	5
1718	Papiere	6387	3.496	5	5
1719	Party	12133	6.64	5	5
1720	Personalien	1924	1.053	5	5
1721	Persönlichkeit	5671	3.104	5	5
1722	Persönlichkeiten	4447	2.434	5	4
1723	Pflanzen	9214	5.043	5	5
1724	Philosophie	8353	4.571	5	5
1725	Plakat	5356	2.931	5	5
1726	Planungen	6393	3.499	5	5
1727	Platte	10886	5.958	5	5
1728	Plattform	4454	2.438	5	5
1729	Privatisierung	11774	6.444	5	5
1730	Proben	4270	2.337	5	5
1731	Prognose	5083	2.782	5	5
1732	Programms	4856	2.658	5	5
1733	Propaganda	6677	3.654	5	5
1734	Propheten	2340	1.281	5	5
1735	Protest	27101	14.832	5	5
1736	Prozesses	4686	2.565	5	5
1737	Präsentation	5952	3.257	5	5
1738	Präsidium	4013	2.196	5	5
1739	Punkte	18895	10.341	5	5
1740	Quellen	7138	3.907	5	5
1741	Rad	6768	3.704	5	5
1742	Rand	11011	6.026	5	5
1743	Rechtmäßigkeit	1429	0.782	5	5
1744	Rechtsextremismus	5348	2.927	5	5
1745	Reden	9091	4.975	5	5
1746	Regeln	15516	8.492	5	5
1747	Regelungen	7349	4.022	5	5
1748	Regie	21577	11.809	5	5
1749	Regierungsfähigkeit	391	0.214	5	5
1750	Regime	13618	7.453	5	5
1751	Reichtum	5283	2.891	5	5
1752	Rennen	10674	5.842	5	5
1753	Rentner	7277	3.983	5	5
1754	Repräsentanten	3610	1.976	5	5
1755	Respekt	10198	5.581	5	5
1756	Restaurants	5605	3.068	5	5
1757	Riegel	1883	1.031	5	5
1758	Ring	6879	3.765	5	5
1759	Ritual	3210	1.757	5	5
1760	Rohstoffe	2690	1.472	5	3
1761	Rückzug	12256	6.707	5	5
1762	S-Bahn	8185	4.48	5	5
1763	Sammler	3013	1.649	5	5
1764	Sanktionen	10385	5.684	5	5
1765	Satz	24642	13.486	5	5
1766	Schlaf	4604	2.52	5	5
1767	Schlag	9536	5.219	5	5
1768	Schläger	2274	1.245	5	5
1769	Schnitt	9614	5.262	5	5
1770	Schriften	3939	2.156	5	5
1771	Schwein	3568	1.953	5	5
1772	Schwester	12449	6.813	5	5
1773	Schönefeld	4655	2.548	5	5
1774	Seele	11392	6.235	5	5
1775	Senatoren	4696	2.57	5	5
1776	Sendezeit	1664	0.911	5	5
1777	Sicherheitsrat	4942	2.705	5	5
1778	Siedlungen	4594	2.514	5	5
1779	Signale	4241	2.321	5	5
1780	Sitze	6052	3.312	5	5
1781	Soforthilfe	770	0.421	5	5
1782	Sonderparteitag	1609	0.881	5	5
1783	Sonnabend	9228	5.05	5	5
1784	Sozialismus	11546	6.319	5	5
1785	Spuren	13156	7.2	5	5
1786	Staatssicherheit	4374	2.394	5	5
1787	Stadtverwaltung	4750	2.6	5	5
1788	Stellungnahmen	2972	1.627	5	5
1789	Stellvertreter	5546	3.035	5	5
1790	Stern	11556	6.324	5	5
1791	Steuerzahler	5223	2.858	5	5
1792	Stichwahl	2524	1.381	5	5
1793	Stil	15201	8.319	5	5
1794	Stimmung	24437	13.374	5	5
1795	Stoff	10886	5.958	5	5
1796	Straftat	3040	1.664	5	5
1797	Straftaten	9575	5.24	5	5
1798	Strategien	4987	2.729	5	5
1799	Streik	15856	8.678	5	5
1800	Streitkräfte	8464	4.632	5	5
1801	Studio	7995	4.376	5	5
1802	Studium	12213	6.684	5	5
1803	Sturm	10390	5.686	5	5
1804	Sturz	8000	4.378	5	5
1805	Stücke	12423	6.799	5	5
1806	Systeme	3776	2.067	5	5
1807	Sätze	9544	5.223	5	5
1808	Tabus	2097	1.148	5	5
1809	Tagung	8851	4.844	5	5
1810	Talent	4730	2.589	5	5
1811	Tatsache	18930	10.36	5	5
1812	Tatverdächtige	1236	0.676	5	5
1813	Tempelhof	5764	3.155	5	5
1814	Thesen	5157	2.822	5	5
1815	Tiefe	6377	3.49	5	5
1816	Tiger	3974	2.175	5	5
1817	Training	6584	3.603	5	5
1818	Tätigkeiten	3198	1.75	5	5
1819	US-Präsident	9868	5.401	5	5
1820	Umfrage	12122	6.634	5	5
1821	Umverteilung	2883	1.578	5	5
1822	Unfall	8972	4.91	5	5
1823	Untergang	5620	3.076	5	5
1824	Unterhaus	1681	0.92	5	5
1825	Unternehmens	9670	5.292	5	5
1826	Vattenfall	5219	2.856	5	5
1827	Verbreitung	5397	2.954	5	5
1828	Vereins	9508	5.204	5	5
1829	Verhandlung	7105	3.888	5	4
1830	Verkehrspolitik	3149	1.723	5	5
1831	Verlauf	9706	5.312	5	5
1832	Verleumdung	1220	0.668	5	5
1833	Vermittlung	6124	3.352	5	5
1834	Versorgung	10524	5.76	5	5
1835	Vertrieb	2832	1.55	5	5
1836	Verwandten	5577	3.052	5	5
1837	Verwendung	7286	3.988	5	5
1838	Villa	7068	3.868	5	5
1839	Vorbedingungen	799	0.437	5	5
1840	Vorfalls	663	0.363	5	5
1841	Vorfeld	12190	6.671	5	5
1842	Vorteile	7442	4.073	5	4
1843	Vorurteile	5289	2.895	5	5
1844	Vulkan	5186	2.838	5	5
1845	Völker	8397	4.596	5	5
1846	Wahlspots	230	0.126	5	5
1847	Wandel	8473	4.637	5	5
1848	Weile	6057	3.315	5	5
1849	Wetter	15468	8.465	5	5
1850	Wind	17741	9.709	5	5
1851	Wirksamkeit	1800	0.985	5	5
1852	Workshops	3578	1.958	5	5
1853	Wände	6619	3.622	5	5
1854	Wüste	7278	3.983	5	5
1855	Zeitplan	3990	2.184	5	5
1856	Zeitzeuginnen	59	0.032	5	5
1857	Zentimeter	7408	4.054	5	5
1858	Zentralbank	3944	2.159	5	5
1859	Zerstörung	9823	5.376	5	5
1860	Zivildienst	2150	1.177	5	5
1861	Zuhörer	4654	2.547	5	5
1862	Zusammenhänge	3971	2.173	5	5
1863	Zustand	17376	9.51	5	5
1864	Zweidrittelmehrheit	2975	1.628	5	5
1865	epd	10247	5.608	5	5
1866	Öffnung	9511	5.205	5	5
1867	Übergang	5677	3.107	5	5
